# CYCLE 34
# density
0.0105608 0.0639531
0.0264183 0.0571123
0.0440257 0.0495164
0.0619001 0.0407262
0.0798567 0.033324
0.0978469 0.0292018
0.115853 0.0283087
0.133867 0.0274146
0.151884 0.0261056
0.169904 0.0246003
0.187925 0.0231805
0.205946 0.0219228
0.223966 0.0209466
0.241987 0.0200288
0.260007 0.0190852
0.278026 0.0182488
0.296045 0.0178604
0.314064 0.0170793
0.332082 0.0166283
0.350099 0.02642
0.368116 0.047273
0.386132 0.0578887
0.404148 0.0709636
0.422164 0.0948827
0.440179 0.13376
0.458194 0.198608
0.476208 0.316353
0.494222 0.521647
0.512236 0.849422
0.530249 1.31773
0.548263 1.92497
0.566276 2.65447
0.584288 3.46761
0.602301 4.29867
0.620313 5.0716
0.638325 5.7444
0.656337 6.31684
0.674349 6.80268
0.692361 7.20916
0.710372 7.55338
0.728383 7.84177
0.746394 8.05944
0.764405 8.2082
0.782416 8.2955
0.800427 8.3318
0.818438 8.28404
0.836448 8.17985
0.854458 8.02304
0.872469 7.813
0.890479 7.57875
0.908489 7.33192
0.926499 7.06985
0.944509 6.78476
0.962519 6.46374
0.980529 6.09002
0.998538 5.65647
1.01655 5.17589
1.03456 4.66159
1.05257 4.1242
1.07058 3.5768
1.08859 3.0327
1.1066 2.50796
1.1246 2.01904
1.14261 1.58391
1.16062 1.21103
1.17863 0.89197
1.19664 0.626886
1.21465 0.422433
1.23266 0.266684
1.25067 0.159972
1.26868 0.0948844
1.28669 0.0590137
1.30469 0.040564
1.3227 0.0290083
1.34071 0.0194809
1.35872 0.0115594
1.37673 0.00717492
1.39474 0.00600582
1.41275 0.00575008
1.43076 0.00564152
1.44876 0.00555522
1.46677 0.00547068
1.48478 0.00538809
1.50279 0.00531063
1.5208 0.00523673
1.53881 0.00516434
1.55681 0.00509204
1.57482 0.00502008
1.59283 0.00494774
1.61084 0.00487303
1.62885 0.00479702
1.64686 0.00472206
1.66486 0.00464958
1.68287 0.00457938
1.70088 0.00450996
1.71889 0.00444031
1.7369 0.0043712
1.75491 0.00430384
1.77291 0.00424212
1.79092 0.00418822
1.80893 0.00413824
1.82694 0.00409032
1.84495 0.00406411
1.86295 0.00406339
1.88096 0.00407386
1.89897 0.00411079
1.91698 0.00417884
1.93499 0.00425716
1.95299 0.00431656
1.971 0.0043495
1.98901 0.00436532
2.00702 0.00436983
2.02503 0.00436792
2.04303 0.00436082
2.06104 0.00434948
2.07905 0.00433542
2.09706 0.00431937
2.11507 0.004302
2.13307 0.00428413
2.15108 0.00426625
2.16909 0.00424762
2.1871 0.00422562
2.20511 0.00419644
2.22311 0.00415829
2.24112 0.00411422
2.25913 0.00406825
2.27714 0.00402554
2.29049 0.00398157
